ID,Adoption,Died,Euthanasia,Return_to_owner,Transfer
1,0.01788863994897575,0.0002893502974324658,0.04802962707661542,0.32169531003654767,0.6120970726404285
2,0.5448401587011141,0.0015359249608253556,0.018544572843702097,0.2821576988910422,0.15292164460331617
3,0.5165053132076329,0.0005861823804774873,0.05541589952166518,0.2055786103219642,0.22191399456825997
4,0.10135116000801186,0.011106472109761583,0.03694957222178317,0.31726103253338844,0.533331763127055
5,0.5197531686616613,0.0008792875761151565,0.014411419331179034,0.400356561903981,0.0645995625270634
6,0.3158946476562306,0.0008066460286337529,0.028522779401866455,0.5341450374067623,0.1206308895065068
7,0.30743383836658955,0.029689600375430825,0.30897987269034893,0.1577445932182881,0.19615209534934233
8,0.7330890896834887,0.0018095499164578113,0.01953143697977289,0.07213987883447072,0.1734300445858097
9,0.9083249230284229,0.0,0.001760750312950879,0.06511195827649818,0.0248023683821279
10,0.5830041059293658,0.0003803488611830681,0.01986591453826295,0.28322338918556705,0.1135262414856214
11,0.7393554915038785,4.857152687777408e-05,0.011483450794143585,0.10629016473669656,0.14282232143840334
12,0.017898423739116667,3.948346339650688e-05,0.15395024580422065,0.22023536060441667,0.6078764863888495
13,0.6810277735000588,0.00014579068392894814,0.006922392202616209,0.07433433546505669,0.23756970814833955
14,0.8406544542346361,0.0002941176470588235,0.004723876660973436,0.04089389227544082,0.11343365918189041
15,0.7658930969149388,0.00019858731103051253,0.0035318629145442075,0.1781545619391925,0.052221890920293584
16,0.8523813032253434,0.0,0.005546728971962617,0.12152313373284697,0.020548834069847217
17,0.29289314243101594,0.0005550124400679306,0.025409508998216358,0.5693836232351565,0.11175871289554323
18,0.6250260861052472,2.2624434389140274e-05,0.008365372000659777,0.34349812788514134,0.023087789574562298
19,0.3191026465128537,0.00551647700780133,0.03745526838966691,0.19988939469206166,0.4380362133976164
20,0.008662484553899681,0.024456942566646944,0.22776330270713982,0.0004431339054655142,0.7386741362668481
21,0.5771952858952333,0.0002538527254098984,0.010382372814972143,0.2945606629734636,0.1176078255909209
22,0.0,0.0034622001838467142,0.009324727042924873,0.00012646696021002138,0.9870866058130184
23,0.623167762960208,0.0013114489601391028,0.03602031535066087,0.1151775281951697,0.22432294453382265
24,0.005451013513513514,0.0005326700420150285,0.024767469864613662,7.098262868429034e-05,0.9691778639511733
25,0.621365881568879,0.0008404828708424739,0.013960184914218299,0.2505797522172948,0.1132536984287659
26,0.15364054910267444,0.0066811066126855586,0.1959813937758623,0.0196495111338828,0.6240474393748946
27,0.9691153065029292,0.0,0.00016251963395252044,0.0023923466987285087,0.02832982716438979
28,0.008804062126642772,0.01652180749540215,0.12526154017667557,0.06972599651223997,0.7796865936890396
29,0.39333433393273715,0.0008298374305921438,0.03636230759889719,0.44475951187256413,0.12471400916520928
30,0.5637831925973419,0.0017340043730904734,0.03988221706822079,0.31854289132436275,0.07605769463698393
31,0.27521812822789804,0.035312629399585925,0.10874563449835191,0.19005808401642812,0.3906655238577363
32,0.840201192995078,0.0,8.879056047197641e-05,0.06400804387046435,0.09570197257398527
33,0.16083000126808172,0.005887630414484635,0.13787546934885353,0.10330592409234829,0.5921009748762319
34,0.8710433475343835,0.05927343489843488,0.005294117647058823,0.04452255476782788,0.019866545152295044
35,0.41678889456033924,0.011261448837339656,0.022920084454360813,0.0016552490825422323,0.5473743230654182
36,0.6086744947361292,0.0011336965497132617,0.020861719500605405,0.14506692126862522,0.22426316794492704
37,0.012799633793163465,0.0033531746031746027,0.10761272989789827,0.003689851268591426,0.8725446104371722
38,0.9026517675721337,0.0,0.00019194733619105943,0.06662316663718014,0.03053311845449509
39,0.3291549461324167,0.0008875381766135896,0.03791564146167626,0.5259003720887145,0.10614150214057919
40,0.4097694023338983,0.0,0.013175553058915913,0.0696542551780834,0.5074007894291024
41,0.06702361922921683,0.0003760498048216284,0.06262395052643467,0.33569899651232693,0.5342773839271999
42,0.0,0.009805499882742031,0.005348186907404091,2.7700831024930747e-05,0.9848186123788291
43,0.28484081130215755,0.0019558319349078064,0.009157303684623896,0.07083960754608393,0.633206445532227
44,0.0,0.08559375561565456,0.013549063202356042,0.00125,0.8996071811819896
45,0.22568841966436237,0.006217948717948718,0.29907818456118473,0.05790014156566589,0.4111153054908386
46,0.27199571557190877,0.0011785714285714286,0.02162612521827383,0.06904687930014879,0.6361527084810973
47,0.27737767703145444,0.0019208873013716416,0.062474685143990814,0.22234649603897771,0.4358802544842053
48,0.4133461455233036,0.0007613485561200091,0.04414861049510769,0.3458507830919163,0.19589311233355225
49,0.2756218975812731,0.0002276733097916366,0.04456252472716642,0.5069600173928229,0.1726278869889456
50,0.04492471120385152,0.0005555555555555556,0.04083962831810182,0.31518449384017383,0.5984956110823174
51,0.16369304161696838,0.054201013846666445,0.03419590438517748,0.028429896826016404,0.7194801433251712
52,0.1380645005126064,0.00011170470176574236,0.09694627239070393,0.5595333266877697,0.20534419570715406
53,0.9640345161437193,8.683203010934103e-05,0.00026822324526110846,0.0043403708472952544,0.03127005773361533
54,0.16500499880465838,0.029111421565997858,0.07375911281484457,0.0038298336857799774,0.7282946331287191
55,0.031468614718614715,0.0336737076728618,0.4964671017511406,0.052885725756300295,0.3855048501010826
56,0.6116601836802572,0.004299942685143537,0.03569144784774375,0.1294253321874593,0.21892309359939646
57,0.5255261102410782,0.0010760625844828038,0.011716624961063082,0.40079976249542554,0.060881439717950216
58,0.001017488076311606,0.07556172813213032,0.011679543644384595,2.4813895781637717e-05,0.9117164262513917
59,0.00375,0.0071108386219043305,0.00615916048005442,0.0,0.9829800008980412
60,0.7444822840519685,0.0,0.0033974776270037023,0.02419932346693515,0.2279209148540924
61,0.6940535784271554,0.0003333333333333333,0.028442114723989206,0.06644775315151123,0.2107232203640106
62,0.1485589075644071,0.0004052945995223068,0.033019528852637786,0.5178962903112523,0.30011997867218043
63,0.4303194882635893,8.743063621112402e-05,0.01147936142964679,0.2613863549823572,0.2967273646881959
64,0.00013513513513513514,0.0062930933847130735,0.01219333025321234,7.583430394490303e-05,0.9813026069229943
65,0.0014371980676328503,9.822635527488268e-05,0.01762954765349421,0.0,0.9808350279235982
66,0.6890262260795601,2.9940119760479045e-05,0.0035207957031734983,0.28304781049249494,0.024375227605010878
67,0.9710213745946722,0.0,5.663430420711975e-05,0.0209385536987195,0.007983437402401218
68,0.27655328902007237,0.004038142620232173,0.0930290931036864,0.22830096488574272,0.3980785103702663
69,0.4152404574768921,0.0009212169031320338,0.017725353557020925,0.40113302100088966,0.16497995106206506
70,0.0,0.0002998225007378352,0.0045571311162767554,0.0,0.9951430463829855
71,0.002287863972186006,0.017382583110916353,0.026823303922743184,0.01518758565573122,0.9383186633384233
72,0.8842451158909145,0.0,0.00011564449064449065,0.02790293300900903,0.0877363066094316
73,0.0,0.004250777000777001,0.037804042576243015,0.0,0.95794518042298
74,0.5187059610876582,0.0014620928657510445,0.00480394658922516,0.10579313975447643,0.3692348597028893
75,0.0025,0.02304608962349889,0.03609693811651567,0.0072129629629629636,0.931144009297022
76,0.43615838742339624,0.08386179486142364,0.14798567570530877,0.03738127767209417,0.29461286433777717
77,0.9044087955562478,0.0,4.994659416419867e-05,0.0039864864864864865,0.09155477136310157
78,0.023253973454633856,0.0,0.1478580757557441,0.0040023512685914255,0.8248855995210306
79,0.41032010207543806,7.25647699924586e-05,0.0850629558160848,0.2641540112099947,0.24039036612849013
80,0.9596642702872273,0.015270833333333334,0.0016911764705882354,0.005756685681460238,0.017617034227391175
81,9.259259259259259e-05,1.2106537530266345e-05,0.008352116875772975,0.0,0.991543183994104
82,0.0,0.0029035709766828868,0.018143638791300713,9.84251968503937e-05,0.9788543650351662
83,0.5649099133221127,0.0002712528274728061,0.011629418590497298,0.3440092676651205,0.07918014759479676
84,0.0,0.0295529832419873,0.08068833258890336,0.0005263157894736842,0.8892323683796356
85,0.5566288244857653,3.353242320819113e-05,0.07797464757008607,0.3283160374074033,0.0370469581135369
86,0.046443126670079334,0.014892888222471423,0.1399129792787456,0.00028867959457583195,0.7984623262341276
87,0.05427217849305893,0.00041666666666666664,0.31998053977409585,0.4606930029002808,0.16463761216589778
88,0.4399957910197187,0.0002779093902463262,0.022977672174874012,0.18577614648762467,0.3509724809275361
89,0.005438742232982365,0.01127234645691238,0.1603120823155291,0.0008837642504603946,0.822093064744116
90,0.7478991586803732,0.0,0.004664656426638843,0.020775136650449114,0.22666104824253896
91,0.002777777777777778,0.008065759637188207,0.10144548143375937,0.00045454545454545455,0.887256435696729
92,0.0,0.0007036552804625093,0.0290638593738878,0.0,0.9702324853456497
93,0.8273299558695397,1.7921146953405018e-05,0.005705583763959768,0.009968927615782825,0.15697761160376403
94,0.4221387052654898,0.0019149083250789996,0.01600446370479119,0.37723697387949195,0.18270494882514815
95,0.023880650272309865,0.0,0.06561108442935475,0.0,0.9105082652983356
96,0.7058932978166985,8.667496886674968e-05,0.015648121946049955,0.24370081829542123,0.034671086972963415
97,0.38841389466543064,0.0032093447844526975,0.08595679955853174,0.3693451708292247,0.15307479016236017
98,0.0,0.0005017551587287519,0.0009162585875389798,3.464527546937519e-05,0.9985473409782628
99,0.29273392918508334,0.03430725993386966,0.02346799239699158,0.005054774031853828,0.6444360444522015
100,0.2810074659385009,0.0003822578620218507,0.0580386251246233,0.3774103271776205,0.2831613238972336
101,0.863432204557535,0.0004094264065445686,0.0023854840382538773,0.010034668839725439,0.12373821615794134
102,0.8521696388795457,0.002844756081319122,0.008482793531907425,0.05543875295988066,0.08106405854734706
103,0.23364321461886906,0.0003347986238528389,0.0723447772902832,0.3179408253255673,0.3757363841414279
104,0.4718221980537068,0.0003218728266522191,0.07985277668415108,0.170090047321354,0.27791310511413625
105,0.39549149948387585,0.0011703150189975903,0.022985958992203296,0.18075774028920474,0.3995944862157185
106,0.687112692684018,0.0011873012769814232,0.027793361598078922,0.13536486635778922,0.14854177808313263
107,0.5984042254803966,0.0006665825863816203,0.03326782034850905,0.31312671612594056,0.05453465545877189
108,0.026507911476847536,0.0014009315938588909,0.0919384287064476,0.5790450778087586,0.30110765041408716
109,0.9638740453160309,0.0016666666666666666,0.003287878787878788,0.013175381183395465,0.017996028046028047
110,0.33909597847384865,0.0002140375710290965,0.02957305842876012,0.4502897373250591,0.1808271882013029
111,0.40364711738659265,0.0014163136052253442,0.050023729479434766,0.4075717270425981,0.13734111248614927
112,0.5674110440627931,0.00035656465735663464,0.020074133261279915,0.20320650457017067,0.20895175344839984
113,0.3611988921639267,0.0011873989460431638,0.027318705741769186,0.47944059686060425,0.13085440628765696
114,0.3012420368068741,0.0002389978071089542,0.0393155270541258,0.4963153606696388,0.16288807766225208
115,0.0,2.302459445316588e-05,0.020032130651905577,0.0,0.9799448447536411
116,0.7250966419675369,5.388169897863488e-05,0.0033376229721760503,0.09682978354257854,0.17468206981872977
117,0.6857761097149867,7.20697837299286e-05,0.006314477841373568,0.20457548068158504,0.10326186197832485
118,0.0656593819873096,0.002323237282131986,0.11560044938281537,0.375734483456244,0.4406824478914991
119,0.05756323673389962,1.8315018315018315e-05,0.03367002799865983,0.8233374603158193,0.08541095993330608
120,0.6428521147665133,0.003972689075630253,0.05490809915623349,0.09182791669358834,0.20643918030803463
121,0.36227825368646044,7.853403141361256e-05,5.258930029527689e-05,0.0013604559781303968,0.6362301670037002
122,0.8522259986662736,9.30808565036753e-05,0.00012066026732789063,0.007639171549716253,0.13992108866017852
123,0.969220644634907,0.00015625,0.0027950510363620117,0.007536970292532319,0.020291084036198757
124,0.00021739130434782607,0.07872956482284059,0.01484557730291888,0.00031581650119821977,0.9058916500686941
125,0.0017656565656565656,0.015955351981723414,0.05827926666950892,0.007276094276094276,0.9167236305070169
126,0.9278206667814056,0.0,0.0005818969633012868,0.03271632353780488,0.038881112717488155
127,0.037679001041426144,0.00375,0.06456484645920132,0.0003728578045391385,0.8936332946948334
128,0.781864523764922,0.0016456807902695508,0.0032899666656898098,0.08084751801950527,0.13235231075961298
129,0.9871576672639459,9.276499534512566e-05,0.0017157292617879189,0.010976233300927429,5.7605177993527505e-05
130,0.8536044830996081,0.00041666666666666664,0.015592044134727064,0.11071466394295588,0.01967214215604199
131,0.6272177904570765,0.0004231529097977777,0.011770582605596347,0.2861741809113566,0.07441429311617252
132,0.9747312123314456,0.0004,0.012420405752213773,0.0002487021462725133,0.012199679770068118
133,0.8107328196782749,0.0,0.008405541445257925,0.0016369835368735491,0.17922465533959372
134,0.35353378310639577,0.0002921322160148976,0.005376364674085482,0.513823087504582,0.12697463249892144
135,0.36700598788452976,0.00027048645642851793,0.12556841949135225,0.2317490674942179,0.27540603867347185
136,0.554117031960422,0.0003645271430028759,0.01379730195116319,0.38132769606302575,0.05039344288238622
137,0.33553505241801146,0.0026722443789376337,0.02524751602377272,0.24902277328184216,0.3875224138974362
138,0.005451013513513514,0.0005326700420150285,0.024767469864613662,7.098262868429034e-05,0.9691778639511733
139,0.29422114320997467,0.003660890025604502,0.050155253119605614,0.5193865881240132,0.13257612552080217
140,0.05105867169756527,0.0,0.0022757181832771625,0.0767700260398091,0.8698955840793481
141,0.5538151390005489,8.88631235393905e-05,0.004037923519295767,0.2155905772560554,0.2264674971005606
142,0.1986857500561592,0.030482041291263723,0.03977625811342014,0.003701449385244142,0.7273545011539128
143,0.28275799417382314,0.00010452954104448702,0.03159481695595522,0.34793250845496393,0.3376101508742132
144,0.26155813656264243,0.0017843380976811036,0.07356171513933088,0.49429337643749416,0.16880243376285128
145,0.22965420215503074,0.006952212388519032,0.06349587454279337,0.5071361540256939,0.19276155688796318
146,0.28508477056082643,0.00033695199938968255,0.047860699342804534,0.5075374388257551,0.1591801392712239
147,0.5369768702942195,0.01236102555766587,0.16168787226504786,0.12576895037616834,0.16320528150689828
148,0.42748881172106384,5.6096794468887494e-05,0.019010997199429315,0.4878534894459367,0.06559060483910101
149,0.0002777777777777778,0.00011463731555265002,0.005662476799691696,0.0,0.9939451081069781
150,0.07220185900743158,0.045598210962638254,0.011825378146697872,0.0015471698113207547,0.8688273820719116
151,0.23740989405253604,0.006946969696969697,0.28532313605471865,0.05050224786617637,0.4198177523295993
152,0.01193814860007315,0.0003836517774925,0.13975630692731666,0.001956140350877193,0.8459657523442403
153,0.48391630978827765,0.0035289094861081977,0.007395122093756888,0.056541550182990716,0.4486181084488667
154,0.03186319187634976,0.0,0.04076576382554643,0.09889875140962098,0.828472292888483
155,0.6190214438250865,0.0,0.004802080959975697,0.039307663191808784,0.336868812023129
156,0.8112806571186059,0.0,0.0009946236559139785,0.0879711361685472,0.09975358305693277
157,0.2541687134010225,0.00047382427237185643,0.05279798733071384,0.5937597036210227,0.09879977137486912
158,0.0,0.005772110166586749,0.019718643757836714,0.032374646275869536,0.942134599799707
159,0.3176929900031246,3.937007874015748e-05,0.03455748857095102,0.2413628426136085,0.40634730873357605
160,0.466772690670871,9.276148679050739e-05,0.023207458073827448,0.3226011586301785,0.1873259311383321
161,0.6041140519484434,0.001040548435367163,0.017596300392244416,0.17943312775180364,0.19781597147214142
162,0.4597561383091265,0.05407447647057882,0.018890729395370343,0.10599257922276253,0.3612860766021619
163,0.0007864357864357864,0.021231088187373324,0.04875967771139151,0.0001846590909090909,0.9290381392238904
164,0.9944036543829476,0.0,0.0,0.003965751643694186,0.0016305939733580516
165,0.35631506615944597,0.0004394786426028036,0.03561638671134755,0.373166046523896,0.23446302196270744
166,0.8796517492449517,9.645517836701758e-05,0.0008285162718744222,0.006634936682611102,0.11278834262219545
167,0.5470085560168627,0.0003802124423414216,0.018371038451053562,0.2100459895135471,0.22419420357619552
168,0.3758349770961948,0.0002348709130046845,0.04572493188740933,0.362787899265788,0.21541732083760345
169,0.6044708529592936,0.0,0.010365036348017847,0.3593716942466905,0.025792416445998043
170,0.49376045543693664,0.0026358668147301863,0.0001226158038147139,0.035298004597792955,0.46818305734672533
171,0.0008333333333333333,0.0010057471264367816,0.16162134352053864,0.0009545454545454546,0.8355850305651458
172,0.45608241867242083,0.0004936102898665851,0.006463041157781834,0.2430071971831967,0.2939537326967341
173,0.5882814140070064,0.0001,0.0067445864924073765,0.35916177346351236,0.0457122260370737
174,0.35319487586764603,0.00029523278588699994,0.04365210882070746,0.3961945441596911,0.2066632383660686
175,0.5405171048431447,0.0049069182991148185,0.03213251723042707,0.3493775577883122,0.07306590183900108
176,0.28667224223789606,0.017009215898028684,0.034676705070128634,0.010223933971637384,0.6514179028223094
177,0.34393542901224644,0.0004801866174220185,0.0473022552547492,0.44966275965150293,0.1586193694640795
178,0.7746994601664113,0.0025406504065040654,0.04399431851344955,0.10050448169961781,0.07826108921401755
179,0.7542161058248237,0.054845671354038485,0.020710729883814817,0.02394833910978609,0.14627915382753684
180,0.02587271062271062,0.0018099653969219187,0.15355366004305496,0.07013739526440382,0.7486262686729088
181,0.0,0.0022197682798050476,0.016077923643722097,0.0003502219992678192,0.9813520860772046
182,0.6022666490729971,0.022562182606625104,0.0343222164244562,0.06321194351123466,0.2776370083846869
183,0.4597697129774962,0.0005063994714036969,0.01268595934013939,0.20253332433359703,0.3245046038773639
184,0.10725435063905776,2.1276595744680852e-05,0.08786416778261291,0.34652779166842396,0.4583324133141607
185,0.24532621501155577,0.013203703442273724,0.005148012015508633,0.2056055260624543,0.530716543468208
186,0.1606568115811898,0.009635848247324772,0.016418177792379505,0.5185776594854122,0.2947115028936936
187,0.004375,0.017142214953781057,0.019978549306104675,0.003039568664913969,0.9554646670752004
188,0.4781436127974604,0.00010190728755418338,0.021682788902370534,0.3335668686271366,0.16650482238547806
189,0.7037333791980288,0.0009210735197723758,0.009161509869323929,0.0681353422502865,0.21804869516258815
190,0.9376220456243929,0.00010526315789473683,0.00015350877192982454,0.04066149963959291,0.021457682806189184
191,0.6021300646722567,0.00010430073815616658,0.016238261356511338,0.3640442094808058,0.017483163752269743
192,0.3723418708520242,0.00020384731315580072,0.10606283505298579,0.3255165079761555,0.19587493880567883
193,0.03752817003112921,0.001733333333333333,0.028855978004215754,0.20246323067521363,0.7294192879561081
194,0.464913139754829,0.01220238095238095,0.05123932297305027,0.12311371029859815,0.34853144602114156
195,0.7658889960030427,1.3623978201634877e-05,0.0007047996404412,0.059085376935059386,0.17430720344325526
196,0.6304375889488197,0.007725342978404505,0.0019207868480085046,0.03486862367148203,0.32504765755328513
197,0.5358269876741685,0.000933652708546917,0.0034252920523652787,0.44099383459401664,0.018820232970902878
198,0.6620975720355404,0.00035039870921817364,0.010729834806449377,0.2832369047858709,0.04358528966292143
199,0.3644275645094545,0.0007716602652356138,0.05110542085086659,0.40762382516278356,0.17607152921165978
200,0.44139160553829426,0.0005872861231720445,0.030193898673794337,0.33290692513012277,0.19492028453461704
201,0.0,0.0021485079947483493,0.0015980849107676315,4.6117037286440875e-05,0.9962072900571974
202,0.2446324364064157,3.90625e-05,0.014765917752582685,0.10551476548169234,0.6350478178593087
203,0.8350774681496885,7.978723404255319e-05,0.0015829355788943,0.15036638414319622,0.012893424894178189
204,0.7198086018182701,0.0005555555555555556,0.0033263824884792624,0.040027132580209825,0.23628232755748546
205,0.197898806420188,0.004909090909090909,0.14451192301850196,0.2977189269064271,0.35496125274579227
206,0.6281441942207928,0.00018518518518518518,0.035854961826108894,0.10641469612316692,0.22940096264474594
207,0.1316973764764037,7.578709430881272e-05,0.018657766716283993,0.08245766990797651,0.7671113998050274
208,0.2301557601680744,0.0016666666666666666,0.05708740930278549,0.441183178836755,0.2699069850257181
209,0.43305088641349754,0.00011298699482335525,0.0208515551420456,0.23915894805386664,0.3068256233957668
210,0.7244160365969057,0.0,0.003237478603576465,0.23314128019294608,0.0392052046065714
211,0.0020714285714285713,0.02000422124674842,0.08181432078046325,0.005490672521922522,0.8906193568794375
212,0.3052103016302004,0.0018868339699709075,0.037633627373105855,0.4995878228760361,0.15568141415068668
213,0.5342807886207471,0.00040030881143343183,0.04332548060303482,0.3445196731470381,0.07747374881774664
214,0.7465595073532681,0.00025,0.0023242630385487528,0.036205833669632884,0.21466039593854994
215,0.0,0.018117911731575696,0.012486140066815041,7.47276676466291e-05,0.9693212205339623
216,0.6483087869738078,0.0,0.04933891782895577,0.018271217569445174,0.2840810776277914
217,0.8799415459651815,0.0,0.016451970443349756,0.016306750861264045,0.08729973273020501
218,0.4087351890680671,0.001596799398051135,0.007430623220364081,0.07773945323631667,0.504497935077201
219,0.6726022520801942,0.0012242180468096534,0.017498827772815865,0.08935092871465171,0.21932377338552878
220,0.2550854122974322,0.0006775625532917043,0.037187143137321,0.5107905000279831,0.1962593819839721
221,0.022385220412811574,0.002239453664573412,0.04190831613018291,0.5467455796734755,0.38672143011895665
222,0.010583794079483733,0.05546107358013885,0.0860840225231415,5.434782608695652e-05,0.8478167619911487
223,0.26014658244696853,0.08393034924749608,0.04395341845588322,0.02192929292929293,0.5900403569203594
224,0.565693477859599,0.000737590385490982,0.007388802528776788,0.3797897288150992,0.04639040041103385
225,0.2748043209628348,0.00375,0.1273795775861565,0.47260184976702,0.12146425168398847
226,0.5961536170922359,0.0003384050283408012,0.015342428545576827,0.20273480181353365,0.18543074752031277
227,0.018127755387601998,0.024471051318475535,0.25318390199734414,0.0015475981741885012,0.7026696931223898
228,0.0034090909090909094,0.01437995729049808,0.02813873689660719,0.00980050505050505,0.9442717098532991
229,0.6094202953430713,6.478270488057653e-05,0.01653655182664575,0.22638062874753132,0.14759774137787113
230,0.004319852941176471,0.004446658776808279,0.06196936180790327,0.0005,0.9287641264741116
231,0.9878035586360498,0.0,0.00033840176405327144,0.011408984205452895,0.0004490553944437439
232,0.9186680463025817,0.0,0.0009662361157852766,0.04955891152567966,0.030806806055953127
233,0.0,0.0012926830199155614,0.021933808475158963,0.000484006734006734,0.9762895017709187
234,0.07232096227609279,0.0,0.3359024462019739,0.3670975769890071,0.2246790145329263
235,0.29651523658343354,2.1691973969631237e-05,0.06961669852407193,0.5527915793122247,0.08105479360630014
236,0.8580927198782784,0.0004631494160289972,0.0006735436893203883,0.001651603857419039,0.13911898315895324
237,0.4214926323127045,0.0017688252671392045,0.011102715194897035,0.3865517090717321,0.179084118153527
238,0.006567931127253162,0.0012099999734681516,0.1565677738776092,0.008115017082233852,0.8275392779394356
239,0.6948521128654859,0.0,0.008346026211766566,0.24895074428416678,0.04785111663858066
240,0.7470055517496522,0.0002777777777777778,0.013658119658119656,0.02014485983517451,0.21891369097927565
241,0.9531777847259303,0.0,0.0,0.020553752456693632,0.026268462817375868
242,0.20656875162221638,0.00033425928417051774,0.02930472806110296,0.3960689396468905,0.36772332138561986
243,0.944561314166308,0.0016666666666666666,0.010477443609022556,0.013586438923395444,0.02970813663460722
244,0.4332776926744568,0.010268844464026379,0.01898864230789217,0.1850102790021616,0.3524545415514631
245,0.38994528760380925,2.1782909231173346e-05,0.031625989716291644,0.1766178076377454,0.4017891321329226
246,0.35780392005922856,0.0005769165397181925,0.03690158576297693,0.4746477605334381,0.13006981710463827
247,0.3666301388699068,0.0005016496035568402,0.01596444759956823,0.0953572969582985,0.5215464669686694
248,0.395637905767782,0.0013647233605518885,0.026528543443641802,0.1766384617501506,0.39983036567787344
249,0.34702647539730935,0.00027864971284998375,0.058443680521070504,0.4596582463867553,0.13459294798201502
250,0.8474875082403028,0.0030631646684278263,0.0011974707887840582,0.005204780592588942,0.14304707570989628
251,0.009345598845598846,0.0004777777777777778,0.01444009879009879,0.8686277056549114,0.10710881893161302
252,0.31368141954505674,0.0001513379767745171,0.023025308900102685,0.593869631330138,0.06927230224792831
253,0.003333333333333333,0.000259460867212811,0.12119948205496359,4.6117037286440875e-05,0.8751616067072037
254,0.3421678983966527,0.0008830885494896224,0.04816908460722254,0.47580881703940053,0.13297111140723472
255,0.0014841017488076314,0.0003423889493671759,0.03532499273490182,5.256642242278021e-05,0.9627959501445004
256,0.5084770453679853,6.53642265165348e-05,0.018963580366322487,0.2860976968241536,0.18639631321502168
257,0.3695351789437547,0.0053125,0.05880056129990798,0.08795457639911267,0.47839718335722453
258,0.707572132827769,0.0005263157894736842,0.027109081758069715,0.0995610327997389,0.16523143682494873
259,0.2481405861740577,0.004648696541021279,0.0630664157001802,0.4983108501270517,0.18583345145768893
260,0.984044281749679,0.0,0.0001923076923076923,0.005284900284900284,0.010478510273112971
261,0.7667056360215312,0.0016927763272410793,0.0004987233143910305,0.05913287923106597,0.17196998510577063
262,0.6859507047607165,0.001096730325361597,0.022634865343090126,0.12149247748020109,0.1688252220906308
263,0.8429819073906004,9.345794392523365e-06,0.001383293070649873,0.06751194212201522,0.08811351162234217
264,0.4655901616630358,0.00013266345470341103,0.02892434343412142,0.30539062425861,0.19996220718952926
265,0.43593289218954057,0.00025679946472781655,0.015736125574062912,0.28179057339783087,0.2662836093738379
266,0.325656036070127,0.021848997025294494,0.08526903484708293,0.14893851891884732,0.41828741313864837
267,0.01372077922077922,0.01001420345691084,0.1324042463802264,0.011649977082929508,0.832210793859154
268,0.006688433969015541,0.12459050229083056,0.4293723537525756,0.03483964464381775,0.4045090653437606
269,0.0,0.05908609394623296,0.006740995307120117,0.0,0.9341729107466468
270,0.9125374187557895,0.0009375,0.0003125,0.047719767822449466,0.03849281342176079
271,0.011842294182995703,0.019480342188356287,0.05283001408091095,0.00136018037159581,0.9144871691761413
272,0.22184498476400571,0.06478775674336562,0.35491571657175724,0.02552353875620737,0.33292800316466403
273,0.06300220593265887,0.0032421238726989075,0.06302732034709259,0.5228785217725532,0.34784982807499665
274,0.14714402363029144,0.02077595024023595,0.20272843733840631,0.1437658731841533,0.4855857156069132
275,0.1405690993491798,0.0451020404326856,0.5443211981076219,0.13441916582275606,0.13558849628775624
276,0.013502164502164501,0.004995534646298004,0.0644900205675435,0.0,0.9170122802839938
277,0.0,0.0070986261933710555,0.032571418848602,0.00025042559176975004,0.9600795293662573
278,0.18132997411233848,0.02948809523809524,0.12832294752691725,0.1401105363267205,0.5207484467959286
279,0.21537177552912806,0.003537074424225488,0.03475163171726149,0.09240780958215503,0.65393170874723
280,0.05739069656561495,0.009098683811529222,0.10511266587927412,0.10688731147704555,0.721510642266536
281,0.25721734424273895,0.0002143433987305084,0.046410036982604395,0.4156683631011364,0.2804899122747897
282,0.2852633748766715,0.0003100752890893399,0.03889541481199788,0.4776584287264958,0.19787270629574547
283,0.004509211718514044,0.0035969719575133243,0.025108371910402213,0.007601216439071409,0.9591842279744991
284,0.8941270806211606,0.00019414313048574667,0.00018888631412278346,0.015627330963398106,0.08986255897083259
285,0.13456596218444422,0.00032738984663886674,0.025321417857428457,0.6234114828431054,0.21637374726838268
286,0.4706515086231631,0.0001016261762126054,0.04690663980335242,0.27785836619186394,0.20448185920540787
287,0.014725787284610815,0.04865546772068512,0.07233348588263337,0.00457815734989648,0.8597071017621739
288,0.0,0.0021391861946317755,0.021673919246183795,0.0006943674976915974,0.9754925270614927
289,0.5988893784022548,7.702823312988643e-05,0.007110867724318599,0.24643988435017053,0.1474828412901263
290,0.3100431875667205,0.0003030454015802511,0.09152783358584282,0.3532878068878011,0.2448381265580556
291,0.8599274290524289,0.00125,0.03178472222222222,0.008230218855218855,0.09880762987012988
292,0.994148641212235,0.0003576051779935275,5.663430420711975e-05,0.00436130813392089,0.0010758111716434808
293,0.7961941787194471,0.0003056308340861186,0.0019269639772421115,0.08400064634153072,0.11757258012769428
294,0.05345928931982022,0.04717109991807816,0.1341416387746464,0.04943121402789972,0.7157967579595556
295,0.34340028922126214,2.0242914979757085e-05,0.041100018320268515,0.5578481183639264,0.057631331179563344
296,0.0121875,0.041242932743024555,0.058402771292768385,0.013109064026390609,0.8750577319378166
297,0.4205881769640601,0.000202777206935491,0.059727919607593306,0.35780417510128637,0.16167695112012467
298,0.040969049469049466,0.017243318475461334,0.15904924253558694,0.01066183451051872,0.7720765550093833
299,0.5447189776870764,0.00017949029215189098,0.04962937762422686,0.2760725778921918,0.12939957650435285
300,0.46131521866738234,0.0009067397029839242,0.025079812252907424,0.25440400359226345,0.2582942257844627
301,0.7536010137858494,0.0,0.008947741228205564,0.222028899150447,0.015422345835497753
302,0.8849091678473195,0.0002983651510113951,0.0001346384517572974,0.004863134287201945,0.10979469426271002
303,0.9646082766801954,0.0,0.0,0.03314261920990858,0.0022491041098958524
304,0.42882394489272385,0.002206327847076744,0.06699391560036928,0.31134613551362006,0.1906296761462097
305,0.014841278640059128,0.024514531521110463,0.32824489944540985,0.028382554945054945,0.6040167354483659
306,0.23691756335879546,2.5125628140703518e-05,0.110401623827974,0.5942526862462859,0.05840300093880419
307,0.970079878210782,0.0,3.236245954692557e-05,0.005361474126201479,0.024526285203469667
308,0.3516768467461886,0.003892386310393877,0.02067092333223054,0.1465296914944726,0.4772301521167144
309,0.6893956923545271,0.00022615105492339982,0.004244202950717143,0.1972237359768976,0.10891021766293499
310,0.06644509786808174,0.04186428759533973,0.016489936254207974,0.0022345987345987347,0.8729660795477721
311,0.4525488679536197,0.003099605834507173,0.01862230948111375,0.15026903659936408,0.3754601801313954
312,0.7210193656606958,5.9523809523809524e-05,0.04910293726741096,0.012805926396835485,0.2170122468655337
313,0.06256147153274443,0.03486904968729552,0.2127797228269734,0.0027065561318679178,0.6870831998211189
314,0.3053989721739223,0.00032454311423603534,0.0899197821901871,0.4291559825426619,0.17520071997899303
315,0.008519368091010976,0.001646366855691056,0.008092911841359013,0.00041666666666666664,0.9813246865452723
316,0.45799553054257913,0.0002000513180742252,0.025837280218597235,0.42047433940406137,0.09549279851668785
317,0.3639909744684685,0.0002479982006297796,0.06011992549641956,0.5289636801885035,0.046677421645978844
318,0.8193994165491244,0.0002769289533995416,0.005898629148629149,0.07305233503187157,0.10137269031697492
319,0.0,0.0020222059827261192,0.0053963013309642205,0.01870881337542237,0.9738726793108872
320,0.5275566144181477,5.1438106213387116e-05,0.011670920500242035,0.4096987196764041,0.05102230729899276
321,0.47769331574925383,0.001751444050839258,0.013139711262086773,0.14752172549789808,0.35989380343992194
322,9.259259259259259e-05,0.03472398677494457,0.02753454336554446,0.0008832496042173461,0.9367656276627007
323,0.0,0.018178752604588778,0.017494835522072018,0.0,0.9643264118733391
324,0.7939320068681697,0.0030193050193050193,0.004583868495885664,0.003509932831935098,0.19495488678470438
325,0.8696334350709912,0.0004900434882124056,0.0001651224190498171,0.09423977007998584,0.0354716289417608
326,0.8813837061226093,0.0,0.0,0.11266218655735719,0.005954107320033128
327,0.8107473658422591,0.0007142857142857143,0.0012380952380952382,0.049941564664144227,0.1373586885412157
328,0.3063757951007559,0.0018628557514161325,0.04612428828538958,0.44977908602279065,0.19585797483964787
329,0.7182110373539778,2.9588709372280448e-05,0.0017863254936720384,0.18422510740364867,0.09574794103932906
330,0.03967745540643872,7.282298749725817e-05,0.08870887434437046,0.30976898746716697,0.5617718597945267
331,0.18658553103066516,0.00029280400389148644,0.14111142315289066,0.5862648339998571,0.08574540781269561
332,0.0,0.00032165877680827846,0.01739570360410715,0.0003846153846153846,0.9818980222344689
333,0.9721759477854488,0.0005242718446601942,5.663430420711975e-05,0.013586920516750766,0.013656225548932857
334,0.5272311281590695,0.0,0.0004274509803921569,0.013450111530626242,0.45889130932991223
335,0.03588681160950514,0.024545434155216764,0.16873463131464145,0.010375314228255404,0.7604578086923813
336,0.8590631632999177,0.0029019580805295085,0.010298385574961544,0.011041379661045124,0.11669511338354617
337,0.01962987012987013,0.01580148773366775,0.7580943997229161,0.02557638414217361,0.1808978582713723
338,0.20409349701205226,0.00029875073193716677,0.01856671454244604,0.11734511672674745,0.6596959209868164
339,0.035216561092059596,0.012143611281111282,0.0637527476111074,0.012366669017902817,0.8765204109978186
340,0.47357580069122696,0.009473641222215222,0.014947696308314735,0.43942683677881794,0.06257602499942555
341,0.025943016294010423,0.0024914795349577955,0.04860560469812522,0.03481952898673095,0.8881403704861758
342,0.7852775298758408,0.0004721147925232902,0.01183575659083361,0.01350954641962489,0.1889050523211767
343,0.02670436507936508,0.08250750914574274,0.3653521775016694,0.029556628313207264,0.49587931996001555
344,0.712150126981673,0.000200261223878048,0.006034497495142303,0.20412828690091853,0.07748682739838797
345,0.5506571083348235,0.001269958260878478,0.004576892813116082,0.12026301027803432,0.3232330303131474
346,0.567533751079077,0.0007635120735480623,0.04359002245489835,0.26084237216361017,0.12727034222886632
347,0.217331838387523,0.0006719085099278015,0.0403568049084335,0.5448355147271473,0.19680393346696856
348,0.09448643002038967,0.026455004066739517,0.027925276679273393,0.005226588575179966,0.8459067006584177
349,0.2869785245902591,0.00170215074254373,0.1011917310721841,0.5362825244710137,0.07384506912399946
350,0.44689589876302216,0.00022419720387229793,0.13961338932785528,0.21217999113519212,0.2010865235700583
351,0.7974439319079833,5.791732127029745e-05,0.00392244035980765,0.08668777379225802,0.1118879366186808
352,0.0002777777777777778,0.010728639794919772,0.02216408313743872,0.00016140414549251054,0.966668095144371
353,0.27658553915517275,0.007055344068927342,0.02590888517092071,0.6015375122683289,0.08891271933665028
354,0.28551300408789987,0.0007848346828609986,0.0,0.0003585778573724572,0.7133435833718664
355,0.5952678314890855,0.0009826371212250063,0.007425142104326542,0.21154187344992068,0.18478251583544228
356,0.008287878787878789,0.2264529461306054,0.30585484064978624,0.0,0.45940433443172957
357,0.5612745364594044,0.0,0.007931660548363221,0.0482634904620462,0.3825303125301861
358,0.6791296589964273,0.001,0.00045946913846633345,0.020299977403125048,0.29911089446198114
359,0.34567795971844306,0.017685527177251737,0.03073143473099644,0.0003779526877053431,0.6055271256856036
360,0.5202915275203874,0.0,0.007006133304385585,0.017040914504382946,0.4556614246708439
361,0.828826866551817,0.0014621284755512941,0.0006659550975340448,0.004376951672764503,0.1646680982023333
362,0.11609514539372588,0.0,0.18337100257079586,0.4062565817776676,0.29427727025781086
363,0.2543887754390961,0.0004042194215450127,0.02745485051217901,0.33288788986651596,0.3848642647606638
364,0.8205072451223491,0.012861319966583124,0.00015151515151515152,0.007297685322298154,0.15918223443725435
365,0.5406948720099801,0.002826364002641092,0.0639288835718416,0.08408041844924014,0.3084694619662972
366,0.0,0.008055898435385199,0.4450524087161846,0.0030000000000000005,0.5438916928484301
367,0.6065778839809692,0.001,0.0009010683603007174,0.02346250655858148,0.3680585411001484
368,0.0339681912290608,0.016772869450810624,0.5149697603331143,0.16596311371767056,0.268326065269344
369,0.0,0.001453853301475329,0.012717370275728623,0.0,0.9858287764227961
370,0.3942257215828356,0.0,0.008320816269770319,0.06719600780415164,0.5302574543432423
371,0.6993538555681121,0.0007494804140459337,0.01881936510104042,0.1480681883389536,0.13300911057784814
372,0.8402009341915537,0.0,0.0004995904995904997,0.07792263406777473,0.08137684124108084
373,0.9911689657091871,2.4271844660194173e-05,0.0003260869565217391,0.005090519764626444,0.00339015572500437
374,0.2792775649922842,0.003763722773949249,0.07921261118445644,0.4560595918664424,0.1816865091828677
375,0.00019693819693819694,0.0012933682636843225,0.02399943712361896,6.167230249640222e-05,0.974448584113262
376,0.4343710921214353,0.002418526856166078,0.0034562070991748855,0.3673967241097456,0.19235744981347802
377,0.3761728106775539,0.0011114795653654626,0.03960279954501983,0.10666737290765421,0.47644553730440653
378,0.5528830483348596,3.2154673283705546e-05,0.0044907231835887625,0.421705247650952,0.020888826157315778
379,0.262068477930837,0.00014138664062145342,0.01130907556942308,0.17908294987541026,0.5473981099837084
380,0.16701199570296932,0.05957350728896264,0.012562612778903531,0.0018798697822712046,0.758972014446893
381,0.886952418777208,0.004791666666666666,0.011458333333333333,0.014996291391066861,0.08180128983172509
382,0.006428571428571428,0.011656707221108842,0.19570631337482766,0.006769230769230769,0.7794391772062613
383,0.005968727100306047,0.03419854681885674,0.06462024900500424,2.702702702702703e-05,0.8951854500488057
384,0.024156570016153237,0.009496797872793023,0.24956063317997468,0.004000790654266825,0.7127852082768124
385,0.29598992898493787,0.00015417341637048233,0.04511831408370681,0.35157081377573873,0.30716676973924634
386,0.11131749252813378,0.00015151515151515152,0.017031298487480043,0.5164831118701507,0.35501658196272073
387,0.0003967400580303806,0.007757688172737782,0.021165289741829775,0.0,0.970680282027402
388,0.655644206581739,9.345794392523365e-06,0.002555540853495606,0.19329796368747654,0.1484929430828962
389,0.9776558280017956,0.0,0.0008333333333333333,0.004846228387859754,0.016664610277011355
390,0.9854627152960757,0.0,0.0,0.012250486598282082,0.002286798105641989
391,0.02971899242424286,0.00017935349322210637,0.22578712065213055,0.5644392058310429,0.17987532759936126
392,0.0,0.003931265823718618,0.05332895842818013,0.0018973669957921924,0.9408424087523091
393,0.990567298474853,0.0,0.0,0.003690067591432926,0.005742633933713952
394,3.246753246753247e-05,0.002073273915381478,0.01909473871855877,0.0015420645685484207,0.9772574552650439
395,0.12076105892543756,0.0009188069932053169,0.049806784352404126,0.537179520097815,0.291333829631138
396,0.3337895656050659,0.06943324945031018,0.05233899146816435,0.39001312242034103,0.15442507105611872
